104
16
1 0 0 17 
9 0 17 0 
1 0 0 5 
18 0 5 1 
2 0 1 1 
10 0 1 9 
17 0 9 0 
6 0 1 1 
6 0 1 13 
2 0 13 13 
10 0 13 1 
11 0 1 17 
2 0 17 9 
10 0 9 1 
7 0 1 5 
3 0 5 13 
9 1 0 12 
2 7 12 3 
2 10 3 10 
2 18 2 6 
14 2 2 7 
16 10 7 12 
18 2 12 19 
8 6 19 10 
10 6 10 22 
4 2 22 19 
3 10 19 21 
2 11 10 18 
2 2 18 8 
12 10 8 22 
16 7 22 18 
17 9 18 0 
1 9 0 15 
19 2 15 18 
18 2 18 22 
20 2 22 8 
19 14 8 3 
14 16 3 21 
14 18 14 2 
18 8 2 22 
14 10 22 16 
2 4 16 20 
16 3 20 10 
20 2 18 6 
3 2 3 7 
19 12 7 6 
20 16 6 18 
17 17 18 0 
9 1 0 20 
19 19 20 19 
6 18 19 11 
22 20 11 14 
15 19 14 2 
12 14 2 6 
10 14 6 16 
14 18 16 20 
19 14 20 8 
11 2 8 12 
18 16 12 6 
22 20 6 2 
11 3 2 8 
14 19 8 14 
19 20 14 10 
17 17 10 0 
9 9 0 7 
16 19 7 4 
15 6 4 10 
15 22 10 8 
2 15 4 11 
10 12 11 11 
14 10 11 4 
8 14 4 6 
2 19 15 19 
18 11 19 7 
11 18 7 11 
4 22 11 10 
6 11 10 16 
21 14 16 8 
11 19 8 4 
5 9 4 0 
9 9 0 15 
3 16 15 7 
11 15 2 20 
14 15 20 15 
14 2 11 18 
4 10 18 15 
12 14 15 10 
6 8 10 3 
3 2 7 16 
21 7 16 2 
7 3 2 20 
18 4 18 2 
22 6 2 21 
3 21 21 2 
4 4 2 11 
13 5 11 0 
17 9 0 15 
12 3 15 18 
6 11 18 6 
8 14 2 12 
15 14 12 10 
8 4 2 19 
14 12 19 21 
21 6 21 18 
6 3 18 6 
20 21 6 10 
12 10 10 15 
2 19 15 8 
4 22 8 4 
18 3 4 14 
22 4 14 10 
9 13 10 0 
17 17 0 2 
12 12 2 8 
12 6 8 16 
20 8 16 12 
20 15 12 6 
18 8 6 20 
20 14 20 20 
2 16 20 12 
18 6 12 6 
16 20 6 10 
11 12 10 7 
2 2 20 21 
2 4 21 8 
21 18 8 21 
2 22 21 22 
13 9 14 0 
17 17 0 20 
11 12 20 8 
14 12 8 21 
15 20 21 19 
10 20 19 3 
18 18 3 12 
16 10 12 10 
16 10 10 19 
4 18 19 22 
7 16 22 14 
12 11 14 21 
15 8 21 10 
11 16 10 22 
14 21 22 12 
14 21 12 10 
1 13 6 0 
5 17 0 19 
12 11 19 14 
3 14 18 3 
3 15 3 14 
20 10 20 15 
20 18 18 7 
16 16 7 6 
7 16 6 20 
10 4 3 16 
18 7 16 20 
8 16 20 10 
16 21 10 19 
22 11 19 3 
4 14 3 6 
19 18 6 21 
5 1 21 0 
1 5 0 8 
12 12 8 4 
8 3 4 8 
22 3 10 4 
22 20 10 16 
8 20 16 11 
18 15 11 22 
11 7 22 20 
14 6 20 4 
7 18 4 7 
21 8 7 19 
14 16 19 7 
18 22 7 4 
7 18 4 12 
4 19 12 16 
5 5 16 0 
9 1 0 21 
11 12 21 8 
15 8 8 6 
15 18 6 6 
3 22 18 18 
22 16 18 4 
8 7 4 6 
7 11 6 21 
14 14 21 7 
6 7 21 4 
19 21 6 19 
21 14 19 7 
11 21 7 6 
11 3 6 3 
21 4 3 11 
9 5 19 0 
17 9 0 8 
8 11 8 14 
12 15 14 22 
19 15 22 20 
3 3 20 12 
14 22 7 3 
19 7 3 14 
4 7 14 11 
15 19 11 6 
15 6 15 15 
3 19 15 20 
16 21 11 6 
15 11 8 3 
22 3 3 7 
21 21 14 22 
13 9 19 0 
5 17 0 15 
3 3 15 16 
22 12 4 3 
7 19 3 11 
22 3 12 21 
3 21 21 22 
11 3 22 16 
4 3 16 12 
7 15 12 15 
21 15 15 22 
21 3 22 22 
7 16 22 21 
11 15 11 16 
22 22 16 20 
7 11 20 11 
5 13 7 0 
17 5 0 8 
4 19 8 21 
22 22 21 8 
15 7 19 11 
11 22 11 12 
11 12 12 7 
4 4 7 19 
4 20 19 7 
20 7 15 8 
12 21 15 4 
12 19 4 15 
22 7 4 20 
16 15 20 21 
16 16 21 20 
12 15 4 4 
1 5 4 0 
13 17 0 8 
0 4 5 13 
0 8 13 1 
0 15 1 5 
0 22 5 17 
0 22 17 13 
0 4 13 13 
0 12 13 9 
0 15 9 5 
0 20 5 5 
0 8 5 5 
0 7 13 17 
0 16 13 17 
0 16 1 13 
0 16 13 13 
21 0 13 9 