23
9
2 0 0 2 
12 0 2 2 
5 0 2 4 
12 0 4 3 
7 0 3 2 
9 0 2 2 
13 0 2 4 
5 0 4 1 
4 0 1 0 
1 2 0 9 
10 12 9 6 
8 5 6 8 
5 12 8 12 
10 7 12 13 
9 9 13 7 
13 13 7 8 
10 5 8 8 
3 4 8 0 
3 1 0 11 
12 10 11 12 
13 8 12 9 
5 5 9 6 
10 10 6 8 
6 9 8 9 
9 13 9 10 
11 10 10 9 
3 3 9 0 
3 3 0 13 
13 12 13 11 
5 13 11 7 
8 5 7 11 
5 10 11 12 
8 6 13 5 
10 9 5 9 
7 11 11 7 
3 3 7 0 
2 3 0 7 
9 13 7 11 
5 5 11 13 
11 8 13 10 
9 5 6 7 
13 7 7 12 
10 10 12 7 
12 7 7 9 
2 3 11 0 
1 2 0 10 
6 9 10 5 
12 5 5 8 
6 11 13 11 
7 9 11 6 
7 13 6 10 
5 6 10 12 
6 12 12 10 
4 1 10 0 
4 1 0 11 
13 6 11 12 
5 11 12 7 
6 6 7 9 
6 9 9 9 
8 7 6 13 
11 10 13 6 
8 6 6 12 
1 4 12 0 
1 4 0 7 
5 6 7 8 
8 5 8 8 
10 6 8 8 
5 6 8 7 
12 11 7 6 
5 11 10 11 
12 8 11 13 
4 4 13 0 
0 1 0 2 
0 5 2 3 
0 8 3 3 
0 10 3 1 
0 5 4 4 
0 6 4 4 
0 8 1 1 
0 13 1 2 
0 1 1 0 