88
16
9 0 0 17 
18 0 17 17 
8 0 17 5 
4 0 5 1 
8 0 1 5 
15 0 5 9 
19 0 9 13 
4 0 13 13 
10 0 13 9 
18 0 9 17 
2 0 17 17 
16 0 17 13 
16 0 13 13 
2 0 13 13 
8 0 13 17 
9 0 17 0 
1 9 0 10 
6 15 10 4 
21 8 4 2 
4 4 2 11 
12 8 11 2 
19 15 2 19 
19 19 19 20 
19 14 20 8 
21 10 8 15 
10 18 11 2 
6 2 2 18 
7 16 18 22 
20 16 22 22 
21 2 22 6 
18 8 6 20 
1 9 20 0 
9 1 0 21 
21 6 21 18 
8 21 18 21 
15 4 21 12 
11 12 12 7 
16 19 7 4 
22 19 4 18 
2 19 18 15 
20 21 15 16 
19 10 16 10 
10 6 10 22 
11 7 22 20 
15 20 20 10 
19 21 10 3 
3 18 3 14 
1 1 6 0 
9 9 0 15 
19 21 15 20 
14 8 12 2 
19 15 2 14 
12 11 14 21 
2 16 21 7 
3 22 7 3 
3 2 3 7 
4 20 7 22 
3 19 22 11 
7 10 11 12 
22 11 12 11 
18 15 11 22 
21 19 14 12 
3 3 12 20 
5 5 20 0 
17 9 0 2 
12 19 2 18 
2 14 18 11 
15 19 11 6 
14 12 6 2 
14 2 2 7 
12 3 7 2 
10 3 2 10 
22 4 10 11 
8 3 11 15 
20 7 15 8 
4 22 8 4 
7 18 4 7 
14 21 7 19 
14 3 19 7 
5 5 8 0 
17 17 0 20 
6 12 20 15 
6 2 20 22 
19 15 22 20 
11 14 20 22 
10 14 22 4 
16 12 4 19 
21 6 19 18 
3 22 18 18 
7 11 18 11 
8 20 11 12 
15 4 12 19 
6 7 19 12 
15 14 12 10 
21 14 10 12 
1 9 12 0 
5 17 0 15 
6 6 15 18 
21 6 7 11 
14 19 3 8 
12 11 8 21 
6 10 21 20 
2 16 20 12 
8 21 12 14 
21 3 14 16 
6 7 16 16 
20 8 16 12 
10 15 12 14 
3 6 14 4 
2 15 4 11 
4 21 11 3 
13 1 8 0 
9 5 0 4 
7 6 4 21 
3 21 21 2 
18 14 2 14 
11 12 14 19 
8 6 19 10 
3 19 10 20 
14 15 20 15 
14 21 22 12 
18 6 12 6 
2 20 6 18 
4 10 18 15 
3 3 15 16 
12 6 16 18 
18 4 18 2 
1 13 6 0 
9 9 0 7 
3 2 7 16 
4 3 16 12 
18 18 12 3 
3 11 3 6 
7 8 6 4 
8 3 4 8 
16 14 7 19 
10 14 19 20 
7 18 20 18 
22 2 18 8 
6 4 8 14 
15 3 14 3 
22 14 3 7 
11 18 7 19 
17 5 19 0 
13 9 0 21 
6 3 18 6 
20 4 6 14 
3 18 14 4 
7 18 4 12 
4 7 18 22 
10 8 22 15 
11 16 15 11 
14 10 11 4 
19 7 4 4 
3 22 4 10 
16 6 10 14 
12 15 14 22 
21 22 22 2 
19 11 7 15 
9 17 15 0 
5 13 0 11 
18 6 11 6 
16 20 6 10 
16 3 10 4 
7 19 4 20 
7 4 11 14 
20 10 16 8 
8 11 8 14 
19 14 14 8 
7 19 8 21 
7 3 2 20 
10 16 20 22 
10 12 22 8 
14 21 8 16 
6 12 16 8 
13 9 14 0 
17 5 0 22 
2 18 22 18 
22 16 18 4 
22 16 3 11 
6 7 11 21 
16 7 21 22 
21 20 2 2 
18 8 2 2 
22 19 2 4 
15 7 15 12 
8 2 12 12 
15 10 12 10 
12 10 10 16 
10 14 16 22 
21 8 22 22 
17 13 22 0 
17 17 0 10 
19 2 8 4 
15 22 15 21 
14 22 21 21 
11 6 21 16 
11 16 8 20 
19 3 20 15 
6 8 15 8 
12 12 8 4 
12 15 4 4 
21 8 4 19 
18 15 12 3 
8 6 3 10 
22 10 11 16 
20 21 16 16 
1 13 16 0 
1 17 0 11 
10 19 21 16 
14 18 16 20 
20 14 20 20 
15 11 20 2 
11 3 2 8 
11 19 8 4 
18 6 20 16 
22 14 16 7 
16 3 7 15 
19 21 6 19 
6 18 19 11 
12 10 11 11 
12 22 3 4 
16 20 4 2 
1 1 2 0 
13 1 0 10 
16 10 6 11 
14 14 7 21 
6 20 16 7 
15 15 6 15 
2 19 15 8 
2 20 8 22 
21 12 22 3 
22 22 3 21 
3 16 10 20 
7 11 20 11 
19 7 11 3 
7 12 10 16 
18 7 16 20 
21 3 22 21 
5 1 21 0 
0 17 0 1 
0 18 1 5 
0 16 5 5 
0 6 13 1 
0 15 1 5 
0 7 5 13 
0 7 13 17 
0 15 9 1 
0 10 1 9 
0 3 13 5 
0 7 5 1 
0 19 9 5 
0 4 5 13 
0 12 13 9 
0 8 9 17 
0 5 0 1 