27
10
4 0 0 1 
8 0 1 3 
6 0 3 4 
5 0 4 1 
14 0 1 2 
6 0 2 2 
10 0 2 4 
8 0 4 2 
6 0 2 3 
1 0 3 0 
4 4 0 9 
14 8 9 12 
10 6 12 6 
9 5 6 7 
6 14 7 7 
10 6 7 7 
11 10 7 14 
13 8 14 5 
9 12 5 7 
4 1 7 0 
4 4 0 11 
13 14 11 6 
11 10 6 11 
12 9 11 7 
7 6 7 12 
12 10 12 8 
10 11 8 5 
6 13 5 13 
13 9 13 12 
4 4 12 0 
4 4 0 10 
5 13 10 14 
10 11 14 9 
6 12 9 8 
8 7 8 8 
11 12 8 14 
11 10 14 12 
13 6 12 6 
13 13 6 12 
3 3 12 0 
3 4 0 11 
5 5 11 5 
10 10 5 13 
7 6 13 9 
6 8 9 13 
14 5 13 14 
8 11 14 14 
6 13 14 9 
8 7 9 8 
3 3 8 0 
2 3 0 8 
10 5 8 8 
5 9 8 7 
13 7 7 8 
14 6 8 5 
8 14 5 6 
14 8 6 9 
6 6 9 10 
11 14 10 9 
2 3 9 0 
1 2 0 10 
12 10 10 7 
10 5 7 13 
7 10 13 14 
13 14 14 7 
9 8 7 9 
12 10 9 6 
14 6 6 12 
10 11 12 13 
1 2 13 0 
2 1 0 14 
5 12 14 14 
11 10 13 6 
12 7 5 12 
5 13 12 12 
11 9 12 9 
8 12 9 14 
9 14 11 7 
8 10 7 11 
3 1 11 0 
1 2 0 9 
6 5 9 9 
7 5 9 11 
5 11 11 5 
13 5 5 11 
7 10 11 10 
6 8 8 13 
8 10 13 7 
5 5 13 5 
1 3 12 0 
0 1 0 1 
0 7 1 3 
0 7 3 2 
0 5 2 4 
0 13 1 3 
0 12 3 2 
0 11 2 4 
0 11 4 1 
0 11 2 2 
0 1 3 0 