20
8
6 0 0 3 
10 0 3 1 
13 0 1 5 
14 0 5 3 
11 0 3 1 
10 0 1 2 
16 0 2 3 
7 0 3 0 
5 6 0 10 
14 10 10 15 
15 13 15 15 
12 14 15 14 
13 11 9 13 
16 10 13 12 
15 16 10 13 
7 7 13 0 
3 1 0 9 
13 9 9 16 
10 15 16 10 
10 12 10 12 
10 9 12 10 
16 16 10 13 
16 9 11 16 
4 7 16 0 
6 3 0 9 
11 13 9 16 
13 10 14 11 
11 10 11 10 
14 10 10 13 
13 16 13 14 
16 13 14 12 
3 4 12 0 
5 6 0 14 
12 11 14 11 
12 13 11 10 
11 16 10 13 
10 14 13 16 
10 13 13 16 
9 16 16 9 
7 5 15 0 
4 5 0 16 
9 12 14 10 
12 12 10 12 
13 11 12 15 
12 10 15 10 
16 10 10 14 
14 9 14 14 
2 7 14 0 
1 4 0 13 
10 16 13 13 
10 12 13 13 
15 13 13 10 
10 14 10 13 
14 16 13 14 
11 14 14 11 
2 2 11 0 
0 5 0 8 
0 14 8 1 
0 10 1 6 
0 15 5 7 
0 10 7 1 
0 14 1 3 
0 11 3 3 
0 2 6 0 