44
10
1 0 0 1 
7 0 1 4 
5 0 4 1 
8 0 1 3 
6 0 3 4 
5 0 4 2 
6 0 2 2 
6 0 2 3 
7 0 3 1 
3 0 1 0 
2 1 0 13 
8 7 13 7 
9 5 7 8 
6 8 8 13 
13 6 13 5 
11 5 5 5 
13 5 5 5 
11 5 5 11 
5 7 11 9 
2 3 9 0 
1 2 0 9 
6 8 9 13 
14 9 13 6 
12 6 6 10 
5 13 10 10 
6 11 10 11 
5 13 11 5 
6 14 5 8 
6 5 8 14 
1 2 14 0 
3 1 0 12 
13 6 12 6 
9 5 6 7 
5 12 7 12 
13 5 12 12 
5 6 9 9 
7 5 9 12 
14 14 12 5 
7 13 5 10 
2 1 10 0 
1 3 0 11 
6 13 11 10 
8 8 10 5 
14 5 8 13 
12 13 13 9 
8 5 11 10 
7 7 10 6 
5 14 14 13 
10 14 13 5 
3 2 7 0 
3 1 0 13 
7 6 13 9 
14 8 9 12 
6 14 12 6 
7 12 6 7 
8 8 7 8 
11 7 8 10 
6 6 10 9 
12 10 9 6 
3 3 8 0 
2 3 0 8 
7 7 14 6 
8 9 6 12 
13 13 12 6 
14 8 6 9 
7 8 8 9 
7 11 9 14 
11 6 14 13 
9 12 7 11 
4 3 11 0 
1 2 0 14 
10 7 14 13 
9 8 7 9 
7 13 8 10 
7 14 10 11 
7 10 11 10 
10 7 10 12 
10 11 12 13 
7 14 13 14 
2 4 8 0 
4 1 11 0 
12 10 12 8 
14 9 8 12 
8 14 12 11 
14 14 11 8 
9 12 11 9 
11 10 9 14 
11 10 14 12 
9 10 11 14 
4 2 10 0 
0 1 0 3 
0 12 3 2 
0 11 2 2 
0 11 2 4 
0 9 4 4 
0 10 4 4 
0 11 4 4 
0 12 4 4 
0 12 3 3 
0 4 1 0 