35
9
1 0 0 1 
7 0 1 4 
5 0 4 1 
8 0 1 1 
9 0 1 2 
5 0 2 4 
5 0 4 4 
6 0 4 4 
0 1 4 0 
2 1 0 13 
11 7 13 5 
12 5 5 8 
5 8 8 6 
7 9 6 6 
5 5 6 9 
10 5 9 6 
8 6 6 12 
2 2 12 0 
1 2 0 10 
5 11 10 11 
5 8 11 7 
6 5 7 8 
6 7 5 9 
13 5 6 8 
5 10 8 8 
5 8 8 8 
3 2 7 0 
3 1 0 11 
5 5 11 13 
11 5 7 12 
9 6 12 10 
5 6 10 12 
6 13 12 11 
6 5 8 7 
9 5 10 9 
3 3 9 0 
1 3 0 10 
11 12 10 5 
12 8 5 12 
6 9 8 9 
6 9 9 9 
11 6 9 7 
10 6 7 13 
9 9 13 7 
2 3 7 0 
4 1 0 11 
13 11 11 6 
10 12 6 12 
10 6 8 8 
13 6 8 7 
12 11 7 6 
10 10 6 8 
12 9 8 13 
4 2 13 0 
1 4 0 10 
6 13 11 10 
11 10 10 9 
7 12 9 7 
9 13 7 11 
7 11 11 7 
10 10 7 12 
10 12 12 11 
2 3 11 0 
4 1 0 12 
7 13 12 7 
12 13 7 10 
8 7 13 13 
8 12 13 11 
10 13 11 8 
9 10 13 9 
11 13 13 12 
2 2 9 0 
0 1 0 2 
0 5 2 3 
0 12 3 4 
0 8 3 3 
0 8 3 4 
0 13 4 4 
0 7 3 3 
0 13 3 3 
0 2 2 0 