104
16
1 0 0 17 
2 0 17 9 
10 0 9 1 
2 0 1 1 
10 0 1 9 
18 0 9 17 
2 0 17 17 
10 0 17 17 
18 0 17 17 
7 0 17 13 
2 0 13 13 
10 0 13 1 
6 0 1 1 
6 0 1 13 
10 0 13 9 
17 0 9 0 
9 1 0 12 
18 2 12 19 
3 10 19 21 
2 2 21 20 
6 10 20 16 
6 18 16 20 
6 2 20 22 
6 10 22 10 
2 18 2 6 
2 7 2 14 
10 2 10 3 
20 10 3 16 
11 6 16 10 
16 6 10 14 
15 10 14 12 
13 9 12 0 
1 9 0 15 
8 18 2 2 
11 3 2 8 
11 2 8 12 
18 6 12 6 
3 6 6 18 
6 6 18 15 
15 6 15 15 
19 2 15 18 
18 2 18 22 
14 10 22 16 
6 20 16 7 
12 11 7 10 
10 16 10 12 
18 15 12 3 
13 5 3 0 
9 1 0 20 
6 18 20 2 
18 14 2 14 
18 11 14 2 
4 18 2 18 
12 3 18 18 
20 6 18 8 
22 15 8 10 
10 19 10 16 
14 18 16 20 
11 14 20 22 
8 18 22 2 
3 12 2 7 
16 10 7 12 
10 18 11 2 
1 13 6 0 
9 9 0 7 
4 6 7 8 
21 18 8 21 
2 16 21 7 
7 4 7 18 
6 12 18 16 
8 20 16 11 
4 22 11 10 
12 10 10 15 
2 14 15 19 
18 11 19 7 
21 8 7 19 
14 3 19 7 
16 16 7 6 
3 10 6 8 
5 1 8 0 
9 9 0 15 
10 4 15 18 
6 21 18 19 
19 2 19 15 
15 7 15 12 
7 6 12 19 
15 8 19 2 
11 4 2 15 
10 12 15 14 
3 2 3 7 
11 18 7 11 
6 21 11 7 
14 14 7 21 
8 16 21 14 
18 3 14 3 
1 5 18 0 
17 9 0 15 
2 20 15 11 
18 6 11 6 
11 19 6 18 
6 15 10 4 
19 7 4 4 
12 15 4 4 
2 11 4 4 
14 10 4 22 
7 3 22 14 
4 11 14 10 
2 6 14 12 
21 14 12 11 
4 8 11 19 
4 18 19 22 
17 1 11 0 
17 17 0 20 
4 2 20 16 
2 3 16 7 
14 11 7 4 
7 6 4 21 
10 19 21 16 
20 12 16 2 
20 2 7 3 
4 14 3 18 
18 7 18 20 
8 4 2 19 
8 2 12 12 
14 21 12 10 
2 4 21 8 
6 4 8 14 
13 9 14 0 
5 17 0 19 
2 4 19 22 
20 2 22 8 
19 14 8 3 
3 7 3 22 
4 10 22 3 
12 20 3 3 
2 21 3 21 
19 4 21 8 
12 2 8 14 
14 8 14 19 
6 8 10 19 
10 14 19 20 
21 2 22 6 
10 6 20 21 
9 13 21 0 
1 5 0 7 
22 2 22 21 
15 20 21 19 
21 19 19 6 
11 3 6 3 
10 4 3 16 
6 12 16 8 
12 10 8 22 
3 19 22 11 
10 12 11 11 
19 14 11 12 
21 6 21 18 
20 10 3 19 
10 21 15 8 
22 10 11 16 
13 9 19 0 
9 1 0 21 
14 22 21 21 
22 15 21 15 
12 21 15 4 
3 11 4 21 
20 10 20 15 
12 6 15 20 
11 12 20 8 
10 20 8 16 
16 10 22 20 
19 19 20 19 
11 6 19 15 
22 20 15 19 
21 14 19 7 
18 22 7 4 
5 13 4 0 
17 9 0 8 
4 14 3 6 
3 22 18 18 
4 12 18 7 
11 3 7 19 
8 20 19 14 
4 20 14 6 
21 11 6 7 
22 18 7 16 
20 16 18 7 
16 19 7 4 
22 11 18 15 
14 22 15 12 
19 21 12 14 
4 18 22 16 
5 5 16 0 
5 17 0 15 
6 8 15 8 
14 8 8 11 
16 21 11 6 
15 11 8 3 
4 8 3 8 
14 12 8 21 
3 21 21 22 
12 22 14 21 
15 20 14 15 
3 16 15 7 
14 22 7 16 
16 14 7 19 
3 19 15 20 
20 14 20 20 
5 5 20 0 
1 5 0 21 
16 14 21 3 
3 14 15 3 
15 16 3 3 
12 22 3 4 
22 4 4 8 
12 11 8 21 
22 3 12 21 
16 12 3 4 
11 15 11 16 
11 3 22 16 
19 4 16 12 
22 11 12 11 
21 3 22 22 
16 20 22 22 
5 17 22 0 
5 1 0 15 
11 19 15 7 
11 20 7 11 
7 12 11 12 
19 12 15 4 
20 22 11 7 
20 4 7 19 
7 22 20 4 
7 16 22 21 
15 16 21 20 
8 15 20 7 
8 4 12 12 
8 20 12 16 
20 21 16 16 
21 8 22 22 
13 5 11 0 
0 5 0 1 
0 4 1 5 
0 4 5 9 
0 19 9 5 
0 8 5 17 
0 8 17 13 
0 8 13 1 
0 7 5 13 
0 16 13 17 
0 15 9 5 
0 8 5 5 
0 4 13 13 
0 16 13 13 
16 0 13 1 
0 22 17 13 
0 17 9 0 