32
10
3 0 0 1 
10 0 1 2 
10 0 2 4 
5 0 4 2 
6 0 2 2 
14 0 2 1 
11 0 1 3 
11 0 3 4 
11 0 4 4 
1 0 4 0 
3 3 0 12 
7 10 12 10 
11 10 10 7 
9 5 7 8 
12 6 8 9 
8 14 9 6 
10 11 6 13 
6 11 13 14 
12 11 14 8 
3 1 8 0 
2 3 0 12 
5 7 12 9 
9 11 9 12 
6 9 12 10 
6 12 10 6 
14 8 6 5 
10 10 5 13 
7 6 13 9 
8 12 9 14 
3 3 8 0 
4 2 0 11 
11 5 11 5 
9 9 5 6 
12 6 6 13 
8 6 13 9 
6 6 9 10 
9 14 10 11 
5 7 11 9 
14 8 9 12 
4 4 12 0 
4 4 0 10 
7 11 10 8 
7 9 8 9 
13 12 9 13 
7 8 8 8 
14 6 8 5 
11 10 14 12 
13 5 12 12 
14 14 12 5 
1 4 5 0 
4 4 0 9 
8 7 9 8 
14 7 11 10 
5 13 10 14 
10 7 14 13 
7 14 13 14 
5 14 14 13 
13 13 12 6 
9 14 6 13 
1 3 13 0 
3 4 0 6 
13 8 6 8 
14 14 8 11 
9 5 6 7 
6 10 7 7 
7 7 6 14 
6 11 10 11 
5 13 11 5 
8 8 5 10 
4 1 11 0 
2 3 0 8 
7 13 8 10 
11 14 10 9 
7 11 9 14 
12 6 14 6 
7 8 7 13 
13 6 13 5 
11 5 5 5 
11 10 5 8 
2 4 8 0 
1 2 0 9 
11 7 9 12 
13 8 14 5 
12 7 5 12 
8 12 12 10 
13 7 10 5 
5 13 5 5 
7 6 7 12 
10 11 12 13 
1 2 13 0 
0 1 0 1 
0 11 2 2 
0 14 2 1 
0 12 1 3 
0 6 3 2 
0 9 2 3 
0 7 3 2 
0 7 4 1 
0 7 1 3 
0 1 3 0 