20
9
2 0 0 2 
13 0 2 4 
5 0 4 1 
9 0 1 2 
13 0 2 1 
7 0 1 4 
5 0 4 4 
13 0 4 4 
1 0 1 0 
2 2 0 9 
8 13 9 12 
11 5 11 10 
6 9 10 5 
11 13 5 5 
6 7 5 9 
5 5 9 6 
7 13 6 10 
2 1 10 0 
3 2 0 5 
5 8 5 12 
12 11 12 10 
8 6 10 10 
13 6 10 11 
11 6 11 13 
7 10 13 12 
9 7 12 7 
3 2 7 0 
1 3 0 10 
6 5 12 10 
11 12 10 5 
8 8 5 8 
11 13 8 12 
6 11 7 9 
13 7 9 9 
6 9 9 9 
3 3 9 0 
3 1 0 11 
7 6 11 12 
5 11 12 7 
8 8 10 5 
7 11 5 13 
11 8 13 10 
12 7 10 10 
12 6 10 12 
1 4 12 0 
3 3 0 13 
12 7 13 7 
8 5 7 11 
12 13 11 13 
8 7 13 13 
7 11 13 9 
10 12 9 6 
6 12 6 8 
3 3 8 0 
4 3 0 12 
8 12 12 5 
7 8 5 6 
13 5 6 8 
5 8 8 6 
8 7 6 13 
9 10 13 9 
6 6 9 7 
3 3 7 0 
4 4 0 6 
8 8 6 10 
11 7 11 7 
5 6 7 8 
12 11 13 6 
9 8 6 9 
5 9 9 10 
10 9 10 11 
2 3 11 0 
0 4 0 1 
0 8 1 1 
0 11 1 4 
0 5 4 2 
0 12 2 2 
0 7 2 3 
0 8 3 4 
0 10 4 1 
0 2 1 0 